#-----------------#---#---#---#---#---#---#---#---#---#---#---#---#---#---#---#---#---#---#---#---#---#---#---#---#---#---#---#---#---#---#---#---#---#---#---#---#---#---#---#---#---#---#---#---#---#---#---#---#
|                 | 1 | 2 | 3 | 4 | 5 | 6 | 7 | 8 | 9 | 10| 11| 12| 13| 14| 15| 16| 17| 18| 19| 20| 21| 22| 23| 24| 25| 26| 27| 28| 29| 30| 31| 32| 33| 34| 35| 36| 37| 38| 39| 40| 41| 42| 43| 44| 45| 46| Po| Pl|
#-----------------#---#---#---#---#---#---#---#---#---#---#---#---#---#---#---#---#---#---#---#---#---#---#---#---#---#---#---#---#---#---#---#---#---#---#---#---#---#---#---#---#---#---#---#---#---#---#---#---#
| alfix           |2.5| 1 | 2	 |   |   |   |   |   |   |   |   |   |   |   |   |   |   |   |   |   |   |   |   |   |   |   |   |   |   |   |   |   |   |   |   |   |   |   |   |   |   |   |   |   |   |   |2.5| 2 |
#-----------------#---#---#---#---#---#---#---#---#---#---#---#---#---#---#---#---#---#---#---#---#---#---#---#---#---#---#---#---#---#---#---#---#---#---#---#---#---#---#---#---#---#---#---#---#---#---#---#---#
| doomgl          | 0 | 0 |   |   |   |   |   |   |   |   |   |   |   |   |   |   |   |   |   |   |   |   |   |   |   |   |   |   |   |   |   |   |   |   |   |   |   |   |   |   |   |   |   |   |   |   | 0 | 7 |
#-----------------#---#---#---#---#---#---#---#---#---#---#---#---#---#---#---#---#---#---#---#---#---#---#---#---#---#---#---#---#---#---#---#---#---#---#---#---#---#---#---#---#---#---#---#---#---#---#---#---#
| dk-             |1.5|0.5|   |   |   |   |   |   |   |   |   |   |   |   |   |   |   |   |   |   |   |   |   |   |   |   |   |   |   |   |   |   |   |   |   |   |   |   |   |   |   |   |   |   |   |   |1.5| 4 |
#-----------------#---#---#---#---#---#---#---#---#---#---#---#---#---#---#---#---#---#---#---#---#---#---#---#---#---#---#---#---#---#---#---#---#---#---#---#---#---#---#---#---#---#---#---#---#---#---#---#---#
| DNA_Seq         | 1 |   | 0 |   |   |   |   |   |   |   |   |   |   |   |   |   |   |   |   |   |   |   |   |   |   |   |   |   |   |   |   |   |   |   |   |   |   |   |   |   |   |   |   |   |   |   | 1 | 5 |
#-----------------#---#---#---#---#---#---#---#---#---#---#---#---#---#---#---#---#---#---#---#---#---#---#---#---#---#---#---#---#---#---#---#---#---#---#---#---#---#---#---#---#---#---#---#---#---#---#---#---#
| DoctorSinus     | 1 | 0 | 1 | 1 | 0 |   |   |   |   |   |   |   |   |   |   |   |   |   |   |   |   |   |   |   |   |   |   |   |   |   |   |   |   |   |   |   |   |   |   |   |   |   |   |   |   |   | 1 | 5 |
#-----------------#---#---#---#---#---#---#---#---#---#---#---#---#---#---#---#---#---#---#---#---#---#---#---#---#---#---#---#---#---#---#---#---#---#---#---#---#---#---#---#---#---#---#---#---#---#---#---#---#
| Felagund        | 3 | 0 |   |   |   |   |   |   |   |   |   |   |   |   |   |   |   |   |   |   |   |   |   |   |   |   |   |   |   |   |   |   |   |   |   |   |   |   |   |   |   |   |   |   |   |   | 3 | 1 |
#-----------------#---#---#---#---#---#---#---#---#---#---#---#---#---#---#---#---#---#---#---#---#---#---#---#---#---#---#---#---#---#---#---#---#---#---#---#---#---#---#---#---#---#---#---#---#---#---#---#---#
| Genuine         |2.5| 3 | 2 | 2 | 3 |   |   |   |   |   |   |   |   |   |   |   |   |   |   |   |   |   |   |   |   |   |   |   |   |   |   |   |   |   |   |   |   |   |   |   |   |   |   |   |   |   |2.5| 2 |
#-----------------#---#---#---#---#---#---#---#---#---#---#---#---#---#---#---#---#---#---#---#---#---#---#---#---#---#---#---#---#---#---#---#---#---#---#---#---#---#---#---#---#---#---#---#---#---#---#---#---#
| Google-ch       | 0 | 0 |   |   |   |   |   |   |   |   |   |   |   |   |   |   |   |   |   |   |   |   |   |   |   |   |   |   |   |   |   |   |   |   |   |   |   |   |   |   |   |   |   |   |   |   | 0 | 7 |
#-----------------#---#---#---#---#---#---#---#---#---#---#---#---#---#---#---#---#---#---#---#---#---#---#---#---#---#---#---#---#---#---#---#---#---#---#---#---#---#---#---#---#---#---#---#---#---#---#---#---#
| HunOL           | 1 | 0 | 2 |1.5|   |   |   |   |   |   |   |   |   |   |   |   |   |   |   |   |   |   |   |   |   |   |   |   |   |   |   |   |   |   |   |   |   |   |   |   |   |   |   |   |   |   | 1 | 5 |
#-----------------#---#---#---#---#---#---#---#---#---#---#---#---#---#---#---#---#---#---#---#---#---#---#---#---#---#---#---#---#---#---#---#---#---#---#---#---#---#---#---#---#---#---#---#---#---#---#---#---#
| J               | 0 | 3 | 3 |1.5| 0 |   |   |   |   |   |   |   |   |   |   |   |   |   |   |   |   |   |   |   |   |   |   |   |   |   |   |   |   |   |   |   |   |   |   |   |   |   |   |   |   |   | 0 | 7 |
#-----------------#---#---#---#---#---#---#---#---#---#---#---#---#---#---#---#---#---#---#---#---#---#---#---#---#---#---#---#---#---#---#---#---#---#---#---#---#---#---#---#---#---#---#---#---#---#---#---#---#
| LongLiveUbuntu  | 0 | 0 | 0 |   |   |   |   |   |   |   |   |   |   |   |   |   |   |   |   |   |   |   |   |   |   |   |   |   |   |   |   |   |   |   |   |   |   |   |   |   |   |   |   |   |   |   | 0 | 6 |
#-----------------#---#---#---#---#---#---#---#---#---#---#---#---#---#---#---#---#---#---#---#---#---#---#---#---#---#---#---#---#---#---#---#---#---#---#---#---#---#---#---#---#---#---#---#---#---#---#---#---#
| Michkova        | 3 | 3 | 1 | 1 | 3 |   |   |   |   |   |   |   |   |   |   |   |   |   |   |   |   |   |   |   |   |   |   |   |   |   |   |   |   |   |   |   |   |   |   |   |   |   |   |   |   |   | 3 | 1 |
#-----------------#---#---#---#---#---#---#---#---#---#---#---#---#---#---#---#---#---#---#---#---#---#---#---#---#---#---#---#---#---#---#---#---#---#---#---#---#---#---#---#---#---#---#---#---#---#---#---#---#
| onetwothreezer… | 0 | 0 |   |   |   |   |   |   |   |   |   |   |   |   |   |   |   |   |   |   |   |   |   |   |   |   |   |   |   |   |   |   |   |   |   |   |   |   |   |   |   |   |   |   |   |   | 0 | 7 |
#-----------------#---#---#---#---#---#---#---#---#---#---#---#---#---#---#---#---#---#---#---#---#---#---#---#---#---#---#---#---#---#---#---#---#---#---#---#---#---#---#---#---#---#---#---#---#---#---#---#---#
| snoopcat        | 3 | 3 | 1 | 2 |   |   |   |   |   |   |   |   |   |   |   |   |   |   |   |   |   |   |   |   |   |   |   |   |   |   |   |   |   |   |   |   |   |   |   |   |   |   |   |   |   |   | 3 | 1 |
#-----------------#---#---#---#---#---#---#---#---#---#---#---#---#---#---#---#---#---#---#---#---#---#---#---#---#---#---#---#---#---#---#---#---#---#---#---#---#---#---#---#---#---#---#---#---#---#---#---#---#
| redgremlin      | 3 | 3 |   |   |   |   |   |   |   |   |   |   |   |   |   |   |   |   |   |   |   |   |   |   |   |   |   |   |   |   |   |   |   |   |   |   |   |   |   |   |   |   |   |   |   |   | 3 | 1 |
#-----------------#---#---#---#---#---#---#---#---#---#---#---#---#---#---#---#---#---#---#---#---#---#---#---#---#---#---#---#---#---#---#---#---#---#---#---#---#---#---#---#---#---#---#---#---#---#---#---#---#
| pylin           | 2 | 0 | 2 |   |   |   |   |   |   |   |   |   |   |   |   |   |   |   |   |   |   |   |   |   |   |   |   |   |   |   |   |   |   |   |   |   |   |   |   |   |   |   |   |   |   |   | 2 | 3 |
#-----------------#---#---#---#---#---#---#---#---#---#---#---#---#---#---#---#---#---#---#---#---#---#---#---#---#---#---#---#---#---#---#---#---#---#---#---#---#---#---#---#---#---#---#---#---#---#---#---#---#
| Rosko           | 3 | 3 | 3 |   |   |   |   |   |   |   |   |   |   |   |   |   |   |   |   |   |   |   |   |   |   |   |   |   |   |   |   |   |   |   |   |   |   |   |   |   |   |   |   |   |   |   | 3 | 1 |
#-----------------#---#---#---#---#---#---#---#---#---#---#---#---#---#---#---#---#---#---#---#---#---#---#---#---#---#---#---#---#---#---#---#---#---#---#---#---#---#---#---#---#---#---#---#---#---#---#---#---#
| shell-script    |0.5| 3 |   | 0 |   |   |   |   |   |   |   |   |   |   |   |   |   |   |   |   |   |   |   |   |   |   |   |   |   |   |   |   |   |   |   |   |   |   |   |   |   |   |   |   |   |   |0.5| 6 |
#-----------------#---#---#---#---#---#---#---#---#---#---#---#---#---#---#---#---#---#---#---#---#---#---#---#---#---#---#---#---#---#---#---#---#---#---#---#---#---#---#---#---#---#---#---#---#---#---#---#---#
| Solace          | 0 |   |   |   |   |   |   |   |   |   |   |   |   |   |   |   |   |   |   |   |   |   |   |   |   |   |   |   |   |   |   |   |   |   |   |   |   |   |   |   |   |   |   |   |   |   | 0 | 7 |
#-----------------#---#---#---#---#---#---#---#---#---#---#---#---#---#---#---#---#---#---#---#---#---#---#---#---#---#---#---#---#---#---#---#---#---#---#---#---#---#---#---#---#---#---#---#---#---#---#---#---#
| trex6           | 2 |2.5| 0 |1.5||   |   |   |   |   |   |   |   |   |   |   |   |   |   |   |   |   |   |   |   |   |   |   |   |   |   |   |   |   |   |   |   |   |   |   |   |   |   |   |   |   | 2 | 3 |
#-----------------#---#---#---#---#---#---#---#---#---#---#---#---#---#---#---#---#---#---#---#---#---#---#---#---#---#---#---#---#---#---#---#---#---#---#---#---#---#---#---#---#---#---#---#---#---#---#---#---#
| UVV             | 2 | 3 | 0 |   |   |   |   |   |   |   |   |   |   |   |   |   |   |   |   |   |   |   |   |   |   |   |   |   |   |   |   |   |   |   |   |   |   |   |   |   |   |   |   |   |   |   | 2 | 3 |
#-----------------#---#---#---#---#---#---#---#---#---#---#---#---#---#---#---#---#---#---#---#---#---#---#---#---#---#---#---#---#---#---#---#---#---#---#---#---#---#---#---#---#---#---#---#---#---#---#---#---#
| XoFfiCEr        |1.5| 0 | 1 |1.5|   |   |   |   |   |   |   |   |   |   |   |   |   |   |   |   |   |   |   |   |   |   |   |   |   |   |   |   |   |   |   |   |   |   |   |   |   |   |   |   |   |   |1.5| 4 |
#-----------------#---#---#---#---#---#---#---#---#---#---#---#---#---#---#---#---#---#---#---#---#---#---#---#---#---#---#---#---#---#---#---#---#---#---#---#---#---#---#---#---#---#---#---#---#---#---#---#---#
| William         | 3 | 2 | 3 |   |   |   |   |   |   |   |   |   |   |   |   |   |   |   |   |   |   |   |   |   |   |   |   |   |   |   |   |   |   |   |   |   |   |   |   |   |   |   |   |   |   |   | 3 | 1 |
#-----------------#---#---#---#---#---#---#---#---#---#---#---#---#---#---#---#---#---#---#---#---#---#---#---#---#---#---#---#---#---#---#---#---#---#---#---#---#---#---#---#---#---#---#---#---#---#---#---#---#
| Zodd            |0.5| 3 | 3 | 3 |   |   |   |   |   |   |   |   |   |   |   |   |   |   |   |   |   |   |   |   |   |   |   |   |   |   |   |   |   |   |   |   |   |   |   |   |   |   |   |   |   |   |0.5| 6 |
#-----------------#---#---#---#---#---#---#---#---#---#---#---#---#---#---#---#---#---#---#---#---#---#---#---#---#---#---#---#---#---#---#---#---#---#---#---#---#---#---#---#---#---#---#---#---#---#---#---#---#
